# Bootstrap covariance of C(t) for t = 12..20 (9x9), ensemble ASB1M4, channel av
1.892611271198581109e-14 1.194336902304381037e-14 6.887456134108038925e-15 3.873305256600601033e-15 2.181156843795389581e-15 1.332854793546168280e-15 7.152638601796624853e-16 4.235169087693086442e-16 2.583991293219983360e-16
1.194336902304381037e-14 8.451240837125813976e-15 5.189805237841042206e-15 3.021287489292980940e-15 1.772587863425193885e-15 1.109067583113236541e-15 6.217532973115698183e-16 3.535974344865886500e-16 2.179451109463669339e-16
6.887456134108038925e-15 5.189805237841042206e-15 3.583219253389153931e-15 2.251729901216455885e-15 1.405477024794115445e-15 9.097374857085076583e-16 5.341320866161769880e-16 3.098861390603799832e-16 1.896983224121199705e-16
3.873305256600601033e-15 3.021287489292980940e-15 2.251729901216455885e-15 1.617965199796007686e-15 1.078307461108717997e-15 7.213878881685503080e-16 4.420640242849445698e-16 2.626437320729758683e-16 1.598197933800128850e-16
2.181156843795389581e-15 1.772587863425193885e-15 1.405477024794115445e-15 1.078307461108717997e-15 7.830870204862127569e-16 5.324678112274772837e-16 3.274487765823355617e-16 1.972488995379019230e-16 1.203944598828110202e-16
1.332854793546168280e-15 1.109067583113236541e-15 9.097374857085076583e-16 7.213878881685503080e-16 5.324678112274772837e-16 3.894820771608483253e-16 2.477130082154549691e-16 1.520785576432867093e-16 9.412387376227171174e-17
7.152638601796624853e-16 6.217532973115698183e-16 5.341320866161769880e-16 4.420640242849445698e-16 3.274487765823355617e-16 2.477130082154549691e-16 1.706278924444542907e-16 1.080873976435079339e-16 6.827037319340114783e-17
4.235169087693086442e-16 3.535974344865886500e-16 3.098861390603799832e-16 2.626437320729758683e-16 1.972488995379019230e-16 1.520785576432867093e-16 1.080873976435079339e-16 7.385441055794113010e-17 4.906890538486402422e-17
2.583991293219983360e-16 2.179451109463669339e-16 1.896983224121199705e-16 1.598197933800128850e-16 1.203944598828110202e-16 9.412387376227171174e-17 6.827037319340114783e-17 4.906890538486402422e-17 3.672788214517384705e-17
