# Bootstrap covariance of C(t) for t = 13..24 (12x12), ensemble ASB2M2, channel v
2.887537219820375669e-15 1.394287396734535819e-15 6.706878721855844452e-16 3.210851320094748959e-16 1.527699140109384303e-16 7.276612328605687954e-17 3.491400278154641417e-17 1.676248010331005356e-17 8.057911284327610842e-18 4.015170028458879023e-18 2.231827028254111669e-18 1.718511487941255838e-18
1.394287396734535819e-15 6.856981307137800045e-16 3.340981834966208623e-16 1.612417626511446019e-16 7.720293386011422577e-17 3.706014601540711715e-17 1.784045623070893515e-17 8.582802751500881916e-18 4.123497800077572423e-18 2.049096721600673253e-18 1.137358152416421495e-18 8.763176321246240114e-19
6.706878721855844452e-16 3.340981834966208623e-16 1.656434150478292944e-16 8.081782217948635398e-17 3.905420782817125335e-17 1.891043979837842437e-17 9.142356718321839648e-18 4.411892455990130528e-18 2.120722638841717578e-18 1.051273762489375130e-18 5.819218116279915977e-19 4.478991284427645241e-19
3.210851320094748959e-16 1.612417626511446019e-16 8.081782217948635398e-17 4.005391371481977087e-17 1.957285082326025255e-17 9.545637393431201500e-18 4.635037436470152208e-18 2.243271767093823255e-18 1.077179265491857933e-18 5.326578853474553874e-19 2.944487786528312473e-19 2.267508718504855215e-19
1.527699140109384303e-16 7.720293386011422577e-17 3.905420782817125335e-17 1.957285082326025255e-17 9.714616963336164176e-18 4.796324222510868097e-18 2.346678455383385463e-18 1.140881862372685791e-18 5.483476870459404706e-19 2.705661467111160210e-19 1.492140976107989949e-19 1.149622682925195920e-19
7.276612328605687954e-17 3.706014601540711715e-17 1.891043979837842437e-17 9.545637393431201500e-18 4.796324222510868097e-18 2.409900915061402371e-18 1.191728210816935311e-18 5.823532919558458092e-19 2.802497809037603805e-19 1.381681203624954116e-19 7.604708518326949302e-20 5.861841715642084557e-20
3.491400278154641417e-17 1.784045623070893515e-17 9.142356718321839648e-18 4.635037436470152208e-18 2.346678455383385463e-18 1.191728210816935311e-18 5.958774880669060459e-19 2.928313269930250328e-19 1.412835681648258369e-19 6.968084456909728497e-20 3.832275075567093261e-20 2.954801801209404384e-20
1.676248010331005356e-17 8.582802751500881916e-18 4.411892455990130528e-18 2.243271767093823255e-18 1.140881862372685791e-18 5.823532919558458092e-19 2.928313269930250328e-19 1.452816574263236165e-19 7.047532496425747246e-20 3.486226275840657764e-20 1.921656668775931084e-20 1.481802025855823831e-20
8.057911284327610842e-18 4.123497800077572423e-18 2.120722638841717578e-18 1.077179265491857933e-18 5.483476870459404706e-19 2.802497809037603805e-19 1.412835681648258369e-19 7.047532496425747246e-20 3.448091237784236448e-20 1.715669953217941231e-20 9.494922435763977923e-21 7.323029668276455294e-21
4.015170028458879023e-18 2.049096721600673253e-18 1.051273762489375130e-18 5.326578853474553874e-19 2.705661467111160210e-19 1.381681203624954116e-19 6.968084456909728497e-20 3.486226275840657764e-20 1.715669953217941231e-20 8.646038563417660410e-21 4.842233107146109554e-21 3.747785495018674111e-21
2.231827028254111669e-18 1.137358152416421495e-18 5.819218116279915977e-19 2.944487786528312473e-19 1.492140976107989949e-19 7.604708518326949302e-20 3.832275075567093261e-20 1.921656668775931084e-20 9.494922435763977923e-21 4.842233107146109554e-21 2.757069225588118239e-21 2.149138228819819425e-21
1.718511487941255838e-18 8.763176321246240114e-19 4.478991284427645241e-19 2.267508718504855215e-19 1.149622682925195920e-19 5.861841715642084557e-20 2.954801801209404384e-20 1.481802025855823831e-20 7.323029668276455294e-21 3.747785495018674111e-21 2.149138228819819425e-21 1.686454627841300464e-21
