# Bootstrap covariance of C(t) for t = 12..20 (9x9), ensemble ASB1M4, channel av, unscaled
1.892611271198581E-14 1.194336902304381E-14 6.887456134108039E-15 3.873305256600601E-15 2.181156843795390E-15 1.332854793546168E-15 7.152638601796625E-16 4.235169087693086E-16 2.583991293219983E-16
1.194336902304381E-14 8.451240837125814E-15 5.189805237841042E-15 3.021287489292981E-15 1.772587863425194E-15 1.109067583113237E-15 6.217532973115698E-16 3.535974344865887E-16 2.179451109463669E-16
6.887456134108039E-15 5.189805237841042E-15 3.583219253389154E-15 2.251729901216456E-15 1.405477024794115E-15 9.097374857085077E-16 5.341320866161770E-16 3.098861390603800E-16 1.896983224121200E-16
3.873305256600601E-15 3.021287489292981E-15 2.251729901216456E-15 1.617965199796008E-15 1.078307461108718E-15 7.213878881685503E-16 4.420640242849446E-16 2.626437320729759E-16 1.598197933800129E-16
2.181156843795390E-15 1.772587863425194E-15 1.405477024794115E-15 1.078307461108718E-15 7.830870204862128E-16 5.324678112274773E-16 3.274487765823356E-16 1.972488995379019E-16 1.203944598828110E-16
1.332854793546168E-15 1.109067583113237E-15 9.097374857085077E-16 7.213878881685503E-16 5.324678112274773E-16 3.894820771608483E-16 2.477130082154550E-16 1.520785576432867E-16 9.412387376227171E-17
7.152638601796625E-16 6.217532973115698E-16 5.341320866161770E-16 4.420640242849446E-16 3.274487765823356E-16 2.477130082154550E-16 1.706278924444543E-16 1.080873976435079E-16 6.827037319340115E-17
4.235169087693086E-16 3.535974344865887E-16 3.098861390603800E-16 2.626437320729759E-16 1.972488995379019E-16 1.520785576432867E-16 1.080873976435079E-16 7.385441055794113E-17 4.906890538486402E-17
2.583991293219983E-16 2.179451109463669E-16 1.896983224121200E-16 1.598197933800129E-16 1.203944598828110E-16 9.412387376227171E-17 6.827037319340115E-17 4.906890538486402E-17 3.672788214517385E-17
