# x y e
1.200000000000E+01 3.717145771867E-03 1.375722090830E-04
1.300000000000E+01 1.828536198454E-03 9.193063057070E-05
1.400000000000E+01 9.357192731982E-04 5.985999710482E-05
1.500000000000E+01 4.864086374030E-04 4.022393814380E-05
1.600000000000E+01 2.543229792824E-04 2.798369204530E-05
1.700000000000E+01 1.346459019177E-04 1.973530028048E-05
1.800000000000E+01 6.657804673794E-05 1.306246119399E-05
1.900000000000E+01 3.415646899727E-05 8.593858886318E-06
2.000000000000E+01 1.718625538482E-05 6.060353302009E-06
