# Bootstrap covariance of C(t) for t = 13..24 (12x12), ensemble ASB2M2, channel v, scaled by 100000**2
2.887537219820375618e-05 1.394287396734535742e-05 6.706878721855844101e-06 3.210851320094749164e-06 1.527699140109384199e-06 7.276612328605687600e-07 3.491400278154641421e-07 1.676248010331005255e-07 8.057911284327611037e-08 4.015170028458878798e-08 2.231827028254111591e-08 1.718511487941255974e-08
1.394287396734535742e-05 6.856981307137800201e-06 3.340981834966208609e-06 1.612417626511446116e-06 7.720293386011422399e-07 3.706014601540711626e-07 1.784045623070893476e-07 8.582802751500881485e-08 4.123497800077572130e-08 2.049096721600673311e-08 1.137358152416421423e-08 8.763176321246240312e-09
6.706878721855844101e-06 3.340981834966208609e-06 1.656434150478292966e-06 8.081782217948635859e-07 3.905420782817125397e-07 1.891043979837842540e-07 9.142356718321839097e-08 4.411892455990130674e-08 2.120722638841717711e-08 1.051273762489375103e-08 5.819218116279916073e-09 4.478991284427645501e-09
3.210851320094749164e-06 1.612417626511446116e-06 8.081782217948635859e-07 4.005391371481976833e-07 1.957285082326025337e-07 9.545637393431201064e-08 4.635037436470152488e-08 2.243271767093823418e-08 1.077179265491857939e-08 5.326578853474554037e-09 2.944487786528312538e-09 2.267508718504855167e-09
1.527699140109384199e-06 7.720293386011422399e-07 3.905420782817125397e-07 1.957285082326025337e-07 9.714616963336163965e-08 4.796324222510868222e-08 2.346678455383385403e-08 1.140881862372685848e-08 5.483476870459405034e-09 2.705661467111160296e-09 1.492140976107989901e-09 1.149622682925195974e-09
7.276612328605687600e-07 3.706014601540711626e-07 1.891043979837842540e-07 9.545637393431201064e-08 4.796324222510868222e-08 2.409900915061402448e-08 1.191728210816935388e-08 5.823532919558457844e-09 2.802497809037603642e-09 1.381681203624954115e-09 7.604708518326949786e-10 5.861841715642084665e-10
3.491400278154641421e-07 1.784045623070893476e-07 9.142356718321839097e-08 4.635037436470152488e-08 2.346678455383385403e-08 1.191728210816935388e-08 5.958774880669060401e-09 2.928313269930250147e-09 1.412835681648258330e-09 6.968084456909728099e-10 3.832275075567093218e-10 2.954801801209404464e-10
1.676248010331005255e-07 8.582802751500881485e-08 4.411892455990130674e-08 2.243271767093823418e-08 1.140881862372685848e-08 5.823532919558457844e-09 2.928313269930250147e-09 1.452816574263236120e-09 7.047532496425747127e-10 3.486226275840657988e-10 1.921656668775930957e-10 1.481802025855823773e-10
8.057911284327611037e-08 4.123497800077572130e-08 2.120722638841717711e-08 1.077179265491857939e-08 5.483476870459405034e-09 2.802497809037603642e-09 1.412835681648258330e-09 7.047532496425747127e-10 3.448091237784236539e-10 1.715669953217941307e-10 9.494922435763978085e-11 7.323029668276455012e-11
4.015170028458878798e-08 2.049096721600673311e-08 1.051273762489375103e-08 5.326578853474554037e-09 2.705661467111160296e-09 1.381681203624954115e-09 6.968084456909728099e-10 3.486226275840657988e-10 1.715669953217941307e-10 8.646038563417660278e-11 4.842233107146109671e-11 3.747785495018674281e-11
2.231827028254111591e-08 1.137358152416421423e-08 5.819218116279916073e-09 2.944487786528312538e-09 1.492140976107989901e-09 7.604708518326949786e-10 3.832275075567093218e-10 1.921656668775930957e-10 9.494922435763978085e-11 4.842233107146109671e-11 2.757069225588118187e-11 2.149138228819819553e-11
1.718511487941255974e-08 8.763176321246240312e-09 4.478991284427645501e-09 2.267508718504855167e-09 1.149622682925195974e-09 5.861841715642084665e-10 2.954801801209404464e-10 1.481802025855823773e-10 7.323029668276455012e-11 3.747785495018674281e-11 2.149138228819819553e-11 1.686454627841300409e-11
