# x y e
1.200000000000E+01 3.717145771867000E-06 1.375722090830000E-07
1.300000000000E+01 1.828536198454000E-06 9.193063057069999E-08
1.400000000000E+01 9.357192731981999E-07 5.985999710481999E-08
1.500000000000E+01 4.864086374030000E-07 4.022393814380000E-08
1.600000000000E+01 2.543229792824000E-07 2.798369204530000E-08
1.700000000000E+01 1.346459019177000E-07 1.973530028048000E-08
1.800000000000E+01 6.657804673794000E-08 1.306246119399000E-08
1.900000000000E+01 3.415646899727000E-08 8.593858886318000E-09
2.000000000000E+01 1.718625538482000E-08 6.060353302009000E-09
