# x y e
1.300000000000E+01 3.145090745561000E-06 5.373580947395000E-08
1.400000000000E+01 1.437490524036000E-06 2.618583836187000E-08
1.500000000000E+01 6.573045787926999E-07 1.287025310737000E-08
1.600000000000E+01 3.001436166206000E-07 6.328816138490999E-09
1.700000000000E+01 1.371295095032000E-07 3.116828029157000E-09
1.800000000000E+01 6.273739614642000E-08 1.552385556188000E-09
1.900000000000E+01 2.867396293353000E-08 7.719310125049000E-10
2.000000000000E+01 1.314035971724000E-08 3.811583101892000E-10
2.100000000000E+01 6.047202580542000E-09 1.856903669495000E-10
2.200000000000E+01 2.857110621401000E-09 9.298407693480000E-11
2.300000000000E+01 1.514638962216000E-09 5.250780156880000E-11
2.400000000000E+01 1.141094121844000E-09 4.106646597701000E-11
