# Bootstrap covariance of C(t) for t = 13..24 (12x12), ensemble ASB2M2, channel v, unscaled
2.887537219820376E-15 1.394287396734536E-15 6.706878721855844E-16 3.210851320094749E-16 1.527699140109384E-16 7.276612328605688E-17 3.491400278154641E-17 1.676248010331005E-17 8.057911284327611E-18 4.015170028458879E-18 2.231827028254112E-18 1.718511487941256E-18
1.394287396734536E-15 6.856981307137800E-16 3.340981834966209E-16 1.612417626511446E-16 7.720293386011423E-17 3.706014601540712E-17 1.784045623070894E-17 8.582802751500882E-18 4.123497800077572E-18 2.049096721600673E-18 1.137358152416421E-18 8.763176321246240E-19
6.706878721855844E-16 3.340981834966209E-16 1.656434150478293E-16 8.081782217948635E-17 3.905420782817125E-17 1.891043979837842E-17 9.142356718321840E-18 4.411892455990131E-18 2.120722638841718E-18 1.051273762489375E-18 5.819218116279916E-19 4.478991284427645E-19
3.210851320094749E-16 1.612417626511446E-16 8.081782217948635E-17 4.005391371481977E-17 1.957285082326025E-17 9.545637393431202E-18 4.635037436470152E-18 2.243271767093823E-18 1.077179265491858E-18 5.326578853474554E-19 2.944487786528312E-19 2.267508718504855E-19
1.527699140109384E-16 7.720293386011423E-17 3.905420782817125E-17 1.957285082326025E-17 9.714616963336164E-18 4.796324222510868E-18 2.346678455383385E-18 1.140881862372686E-18 5.483476870459405E-19 2.705661467111160E-19 1.492140976107990E-19 1.149622682925196E-19
7.276612328605688E-17 3.706014601540712E-17 1.891043979837842E-17 9.545637393431202E-18 4.796324222510868E-18 2.409900915061402E-18 1.191728210816935E-18 5.823532919558458E-19 2.802497809037604E-19 1.381681203624954E-19 7.604708518326949E-20 5.861841715642085E-20
3.491400278154641E-17 1.784045623070894E-17 9.142356718321840E-18 4.635037436470152E-18 2.346678455383385E-18 1.191728210816935E-18 5.958774880669060E-19 2.928313269930250E-19 1.412835681648258E-19 6.968084456909728E-20 3.832275075567093E-20 2.954801801209404E-20
1.676248010331005E-17 8.582802751500882E-18 4.411892455990131E-18 2.243271767093823E-18 1.140881862372686E-18 5.823532919558458E-19 2.928313269930250E-19 1.452816574263236E-19 7.047532496425747E-20 3.486226275840658E-20 1.921656668775931E-20 1.481802025855824E-20
8.057911284327611E-18 4.123497800077572E-18 2.120722638841718E-18 1.077179265491858E-18 5.483476870459405E-19 2.802497809037604E-19 1.412835681648258E-19 7.047532496425747E-20 3.448091237784236E-20 1.715669953217941E-20 9.494922435763978E-21 7.323029668276455E-21
4.015170028458879E-18 2.049096721600673E-18 1.051273762489375E-18 5.326578853474554E-19 2.705661467111160E-19 1.381681203624954E-19 6.968084456909728E-20 3.486226275840658E-20 1.715669953217941E-20 8.646038563417660E-21 4.842233107146110E-21 3.747785495018674E-21
2.231827028254112E-18 1.137358152416421E-18 5.819218116279916E-19 2.944487786528312E-19 1.492140976107990E-19 7.604708518326949E-20 3.832275075567093E-20 1.921656668775931E-20 9.494922435763978E-21 4.842233107146110E-21 2.757069225588118E-21 2.149138228819819E-21
1.718511487941256E-18 8.763176321246240E-19 4.478991284427645E-19 2.267508718504855E-19 1.149622682925196E-19 5.861841715642085E-20 2.954801801209404E-20 1.481802025855824E-20 7.323029668276455E-21 3.747785495018674E-21 2.149138228819819E-21 1.686454627841300E-21
