<X> <Y> <E>
1.800e-02 1.579e+01 1.020e+00
2.127e-02 1.513e+01 3.822e-01
2.454e-02 1.426e+01 2.556e-01
2.782e-02 1.291e+01 1.831e-01
3.109e-02 1.168e+01 1.627e-01
3.436e-02 1.036e+01 1.410e-01
3.763e-02 8.889e+00 1.186e-01
4.091e-02 7.842e+00 1.069e-01
4.418e-02 6.563e+00 8.878e-02
4.745e-02 5.698e+00 8.206e-02
5.072e-02 4.565e+00 6.879e-02
5.400e-02 3.789e+00 6.096e-02
5.727e-02 3.017e+00 5.266e-02
6.054e-02 2.514e+00 4.643e-02
6.381e-02 1.983e+00 4.183e-02
6.708e-02 1.700e+00 3.842e-02
7.036e-02 1.463e+00 3.512e-02
7.363e-02 1.313e+00 3.314e-02
7.690e-02 1.272e+00 3.153e-02
8.017e-02 1.316e+00 3.170e-02
8.345e-02 1.493e+00 3.198e-02
8.672e-02 1.591e+00 3.213e-02
8.999e-02 1.808e+00 3.294e-02
9.326e-02 1.931e+00 3.351e-02
9.653e-02 2.157e+00 3.434e-02
9.980e-02 2.360e+00 3.410e-02
1.031e-01 2.486e+00 3.534e-02
1.063e-01 2.610e+00 3.467e-02
1.096e-01 2.626e+00 3.526e-02
1.129e-01 2.753e+00 3.540e-02
1.162e-01 2.728e+00 3.383e-02
1.194e-01 2.719e+00 3.413e-02
1.227e-01 2.663e+00 3.290e-02
1.260e-01 2.592e+00 3.223e-02
1.293e-01 2.555e+00 3.213e-02
1.325e-01 2.346e+00 3.073e-02
1.358e-01 2.212e+00 3.015e-02
1.391e-01 2.112e+00 2.840e-02
1.423e-01 1.965e+00 2.765e-02
1.456e-01 1.819e+00 2.654e-02
1.489e-01 1.704e+00 2.545e-02
1.521e-01 1.559e+00 2.488e-02
1.554e-01 1.408e+00 2.334e-02
1.587e-01 1.294e+00 2.321e-02
1.620e-01 1.228e+00 2.197e-02
1.652e-01 1.186e+00 2.172e-02
1.685e-01 1.121e+00 2.107e-02
1.718e-01 1.094e+00 2.082e-02
1.750e-01 1.048e+00 2.038e-02
1.783e-01 1.035e+00 1.976e-02
1.816e-01 1.031e+00 1.962e-02
1.849e-01 1.093e+00 1.966e-02
1.881e-01 1.098e+00 1.963e-02
1.914e-01 1.124e+00 1.974e-02
1.947e-01 1.178e+00 1.955e-02
1.979e-01 1.228e+00 1.981e-02
2.012e-01 1.263e+00 2.032e-02
2.045e-01 1.256e+00 2.107e-02
2.077e-01 1.273e+00 2.121e-02
2.110e-01 1.289e+00 2.201e-02
2.143e-01 1.287e+00 2.328e-02
2.176e-01 1.279e+00 2.426e-02
2.208e-01 1.252e+00 2.545e-02
2.208e-01 1.235e+00 1.854e-02
2.241e-01 1.301e+00 2.657e-02
2.274e-01 1.282e+00 2.723e-02
2.306e-01 1.275e+00 2.906e-02
2.306e-01 1.219e+00 1.744e-02
2.339e-01 1.280e+00 2.939e-02
2.372e-01 1.236e+00 3.090e-02
2.404e-01 1.187e+00 3.087e-02
2.404e-01 1.151e+00 1.783e-02
2.437e-01 1.164e+00 3.277e-02
2.470e-01 1.121e+00 3.426e-02
2.503e-01 1.115e+00 1.646e-02
2.601e-01 1.043e+00 1.600e-02
2.699e-01 9.485e-01 1.487e-02
2.797e-01 9.084e-01 1.447e-02
2.895e-01 8.667e-01 1.405e-02
2.993e-01 8.841e-01 1.375e-02
3.091e-01 8.392e-01 1.347e-02
3.189e-01 8.582e-01 1.343e-02
3.287e-01 8.486e-01 1.325e-02
3.385e-01 8.172e-01 1.310e-02
3.483e-01 8.130e-01 1.263e-02
3.581e-01 7.923e-01 1.243e-02
3.679e-01 7.665e-01 1.198e-02
3.776e-01 7.858e-01 1.224e-02
3.874e-01 7.511e-01 1.171e-02
3.972e-01 7.580e-01 1.161e-02
4.070e-01 7.369e-01 1.137e-02
4.168e-01 7.708e-01 1.160e-02
4.266e-01 7.473e-01 1.139e-02
4.364e-01 7.122e-01 1.070e-02
4.462e-01 7.416e-01 1.116e-02
4.559e-01 7.412e-01 1.088e-02
4.657e-01 7.131e-01 1.063e-02
4.755e-01 6.994e-01 1.060e-02
4.853e-01 6.943e-01 1.024e-02
4.950e-01 6.877e-01 1.023e-02
5.048e-01 6.821e-01 1.015e-02
5.146e-01 7.060e-01 1.010e-02
5.244e-01 6.830e-01 9.994e-03
5.341e-01 6.764e-01 9.564e-03
5.439e-01 6.735e-01 9.862e-03
5.537e-01 6.718e-01 9.723e-03
5.634e-01 6.683e-01 9.464e-03
5.732e-01 6.350e-01 9.391e-03
5.829e-01 6.801e-01 9.470e-03
5.927e-01 6.470e-01 9.252e-03
6.024e-01 6.550e-01 9.106e-03
6.122e-01 6.358e-01 9.143e-03
6.219e-01 6.492e-01 9.825e-03
6.317e-01 6.465e-01 1.021e-02
6.414e-01 6.224e-01 1.059e-02
6.512e-01 6.478e-01 1.072e-02
6.609e-01 6.202e-01 1.078e-02
6.707e-01 6.387e-01 1.110e-02
6.804e-01 6.084e-01 1.066e-02
6.901e-01 6.253e-01 1.114e-02
6.999e-01 6.395e-01 1.100e-02
7.096e-01 6.220e-01 1.131e-02
7.193e-01 6.394e-01 1.125e-02
7.290e-01 6.306e-01 1.121e-02
7.388e-01 6.223e-01 1.144e-02
7.485e-01 6.196e-01 1.108e-02
7.582e-01 6.088e-01 1.128e-02
7.679e-01 6.117e-01 1.096e-02
7.776e-01 6.245e-01 1.154e-02
7.873e-01 6.108e-01 1.156e-02
7.970e-01 6.133e-01 1.141e-02
8.067e-01 6.310e-01 1.187e-02
8.164e-01 6.138e-01 1.110e-02
8.261e-01 6.254e-01 1.195e-02
8.358e-01 6.197e-01 1.154e-02
8.455e-01 6.181e-01 1.161e-02
8.552e-01 5.950e-01 1.146e-02
8.649e-01 6.241e-01 1.170e-02
8.746e-01 6.125e-01 1.180e-02
8.843e-01 6.101e-01 1.167e-02
8.939e-01 6.116e-01 1.158e-02
9.036e-01 6.212e-01 1.190e-02
9.133e-01 6.248e-01 1.196e-02
9.229e-01 6.079e-01 1.193e-02
9.326e-01 5.926e-01 1.150e-02
9.423e-01 6.121e-01 1.179e-02
9.519e-01 6.085e-01 1.193e-02
9.616e-01 6.083e-01 1.203e-02
9.712e-01 5.956e-01 1.160e-02
9.809e-01 6.144e-01 1.202e-02
9.905e-01 6.306e-01 1.216e-02
1.000e+00 6.143e-01 1.209e-02
1.010e+00 6.072e-01 1.194e-02
1.019e+00 6.060e-01 1.179e-02
1.029e+00 6.116e-01 1.201e-02
1.039e+00 6.258e-01 1.240e-02
1.048e+00 6.246e-01 1.383e-02
1.058e+00 6.156e-01 1.421e-02
1.068e+00 6.011e-01 1.524e-02
1.077e+00 5.852e-01 1.618e-02
1.087e+00 5.839e-01 1.687e-02
1.096e+00 6.249e-01 1.774e-02
1.106e+00 5.987e-01 1.899e-02
1.116e+00 5.807e-01 2.008e-02
1.125e+00 5.629e-01 2.174e-02
1.135e+00 6.185e-01 2.278e-02
1.144e+00 5.576e-01 2.364e-02
1.154e+00 5.567e-01 2.771e-02
1.164e+00 6.069e-01 3.213e-02
1.173e+00 6.146e-01 3.620e-02
1.183e+00 4.998e-01 3.967e-02
