<X> <Y> <E>
1.800e-02 4.061e+02 1.796e+01
2.127e-02 3.802e+02 6.777e+00
2.454e-02 3.838e+02 4.980e+00
2.782e-02 3.597e+02 3.783e+00
3.109e-02 3.348e+02 3.452e+00
3.436e-02 3.153e+02 3.142e+00
3.763e-02 2.946e+02 2.767e+00
4.091e-02 2.636e+02 2.494e+00
4.418e-02 2.478e+02 2.201e+00
4.745e-02 2.239e+02 2.051e+00
5.072e-02 1.979e+02 1.775e+00
5.400e-02 1.774e+02 1.593e+00
5.727e-02 1.558e+02 1.397e+00
6.054e-02 1.359e+02 1.217e+00
6.381e-02 1.155e+02 1.067e+00
6.708e-02 1.006e+02 9.537e-01
7.036e-02 8.542e+01 8.268e-01
7.363e-02 6.972e+01 7.158e-01
7.690e-02 5.697e+01 6.075e-01
8.017e-02 4.714e+01 5.366e-01
8.345e-02 3.794e+01 4.622e-01
8.672e-02 2.931e+01 3.915e-01
8.999e-02 2.308e+01 3.361e-01
9.326e-02 1.784e+01 2.909e-01
9.653e-02 1.365e+01 2.481e-01
9.980e-02 1.029e+01 2.047e-01
1.031e-01 7.598e+00 1.774e-01
1.063e-01 5.804e+00 1.492e-01
1.096e-01 4.474e+00 1.332e-01
1.129e-01 3.756e+00 1.205e-01
1.162e-01 3.475e+00 1.116e-01
1.194e-01 3.353e+00 1.104e-01
1.227e-01 3.435e+00 1.092e-01
1.260e-01 3.386e+00 1.073e-01
1.293e-01 3.756e+00 1.134e-01
1.325e-01 3.870e+00 1.140e-01
1.358e-01 3.876e+00 1.145e-01
1.391e-01 4.086e+00 1.130e-01
1.423e-01 4.240e+00 1.154e-01
1.456e-01 3.825e+00 1.083e-01
1.489e-01 4.131e+00 1.109e-01
1.521e-01 3.848e+00 1.077e-01
1.554e-01 3.639e+00 1.018e-01
1.587e-01 3.767e+00 1.050e-01
1.620e-01 3.585e+00 9.938e-02
1.652e-01 3.257e+00 9.484e-02
1.685e-01 3.003e+00 9.000e-02
1.718e-01 2.694e+00 8.519e-02
1.750e-01 2.420e+00 8.034e-02
1.783e-01 2.160e+00 7.422e-02
1.816e-01 2.025e+00 7.148e-02
1.849e-01 1.795e+00 6.769e-02
1.881e-01 1.614e+00 6.452e-02
1.914e-01 1.545e+00 6.343e-02
1.947e-01 1.292e+00 5.797e-02
1.979e-01 1.332e+00 5.876e-02
2.012e-01 1.318e+00 5.900e-02
2.045e-01 1.354e+00 6.251e-02
2.077e-01 1.279e+00 6.130e-02
2.110e-01 1.394e+00 6.543e-02
2.143e-01 1.304e+00 6.795e-02
2.176e-01 1.305e+00 7.077e-02
2.208e-01 1.199e+00 7.269e-02
2.208e-01 1.459e+00 2.752e-02
2.241e-01 1.555e+00 8.227e-02
2.274e-01 1.408e+00 8.143e-02
2.306e-01 1.399e+00 8.799e-02
2.306e-01 1.374e+00 2.527e-02
2.339e-01 1.415e+00 8.828e-02
2.372e-01 1.558e+00 9.742e-02
2.404e-01 1.453e+00 9.614e-02
2.404e-01 1.334e+00 2.627e-02
2.437e-01 1.276e+00 9.722e-02
2.470e-01 1.484e+00 1.086e-01
2.503e-01 1.287e+00 2.421e-02
2.601e-01 1.246e+00 2.402e-02
2.699e-01 1.139e+00 2.242e-02
2.797e-01 1.047e+00 2.140e-02
2.895e-01 1.019e+00 2.098e-02
2.993e-01 9.173e-01 1.917e-02
3.091e-01 9.178e-01 1.937e-02
3.189e-01 8.513e-01 1.831e-02
3.287e-01 8.260e-01 1.787e-02
3.385e-01 8.490e-01 1.832e-02
3.483e-01 8.341e-01 1.761e-02
3.581e-01 7.990e-01 1.713e-02
3.679e-01 7.747e-01 1.652e-02
3.776e-01 7.692e-01 1.663e-02
3.874e-01 7.388e-01 1.595e-02
3.972e-01 7.636e-01 1.603e-02
4.070e-01 7.126e-01 1.535e-02
4.168e-01 7.132e-01 1.529e-02
4.266e-01 7.122e-01 1.528e-02
4.364e-01 6.947e-01 1.455e-02
4.462e-01 6.828e-01 1.472e-02
4.559e-01 6.992e-01 1.453e-02
4.657e-01 6.614e-01 1.405e-02
4.755e-01 6.813e-01 1.436e-02
4.853e-01 6.575e-01 1.371e-02
4.950e-01 6.481e-01 1.364e-02
5.048e-01 6.379e-01 1.352e-02
5.146e-01 6.301e-01 1.309e-02
5.244e-01 6.246e-01 1.315e-02
5.341e-01 6.240e-01 1.264e-02
5.439e-01 5.944e-01 1.275e-02
5.537e-01 5.961e-01 1.257e-02
5.634e-01 6.119e-01 1.246e-02
5.732e-01 6.099e-01 1.267e-02
5.829e-01 6.176e-01 1.243e-02
5.927e-01 6.102e-01 1.237e-02
6.024e-01 5.916e-01 1.192e-02
6.122e-01 5.784e-01 1.200e-02
6.219e-01 5.854e-01 1.284e-02
6.317e-01 5.891e-01 1.339e-02
6.414e-01 5.871e-01 1.415e-02
6.512e-01 5.905e-01 1.407e-02
6.609e-01 5.795e-01 1.436e-02
6.707e-01 5.585e-01 1.428e-02
6.804e-01 5.599e-01 1.410e-02
6.901e-01 5.699e-01 1.461e-02
6.999e-01 5.699e-01 1.429e-02
7.096e-01 5.685e-01 1.487e-02
7.193e-01 5.716e-01 1.461e-02
7.290e-01 5.700e-01 1.463e-02
7.388e-01 5.429e-01 1.471e-02
7.485e-01 5.558e-01 1.445e-02
7.582e-01 5.450e-01 1.471e-02
7.679e-01 5.490e-01 1.428e-02
7.776e-01 5.708e-01 1.518e-02
7.873e-01 5.440e-01 1.501e-02
7.970e-01 5.427e-01 1.473e-02
8.067e-01 5.428e-01 1.511e-02
8.164e-01 5.763e-01 1.481e-02
8.261e-01 5.445e-01 1.531e-02
8.358e-01 5.464e-01 1.493e-02
8.455e-01 5.380e-01 1.487e-02
8.552e-01 5.702e-01 1.547e-02
8.649e-01 5.311e-01 1.483e-02
8.746e-01 5.408e-01 1.529e-02
8.843e-01 5.672e-01 1.552e-02
8.939e-01 5.586e-01 1.525e-02
9.036e-01 5.386e-01 1.521e-02
9.133e-01 5.480e-01 1.539e-02
9.229e-01 5.703e-01 1.589e-02
9.326e-01 5.347e-01 1.504e-02
9.423e-01 5.732e-01 1.572e-02
9.519e-01 5.494e-01 1.565e-02
9.616e-01 5.230e-01 1.532e-02
9.712e-01 5.445e-01 1.529e-02
9.809e-01 5.686e-01 1.592e-02
9.905e-01 5.490e-01 1.559e-02
1.000e+00 5.423e-01 1.559e-02
1.010e+00 5.531e-01 1.565e-02
1.019e+00 5.356e-01 1.525e-02
1.029e+00 5.421e-01 1.557e-02
1.039e+00 5.595e-01 1.611e-02
1.048e+00 5.351e-01 1.760e-02
1.058e+00 5.397e-01 1.828e-02
1.068e+00 5.576e-01 2.019e-02
1.077e+00 5.406e-01 2.147e-02
1.087e+00 5.633e-01 2.282e-02
1.096e+00 5.069e-01 2.191e-02
1.106e+00 5.670e-01 2.550e-02
1.116e+00 4.983e-01 2.566e-02
1.125e+00 5.365e-01 2.916e-02
1.135e+00 5.230e-01 2.888e-02
1.144e+00 5.152e-01 3.149e-02
1.154e+00 5.797e-01 3.900e-02
1.164e+00 5.725e-01 4.299e-02
